CPU result: 
    0  1  2  3  4  5  6  7  8  9 10 11 energy num_oc.
0  -1 -1 +1 +1 -1 -1 -1 +1 +1 +1 +1 -1  -94.0       1
1  +1 +1 -1 -1 +1 +1 +1 -1 -1 -1 -1 +1  -94.0       1
2  -1 -1 +1 -1 -1 +1 -1 +1 +1 +1 +1 -1  -86.0       1
3  +1 +1 -1 +1 +1 -1 +1 -1 -1 -1 -1 +1  -86.0       1
4  +1 +1 -1 +1 +1 +1 +1 -1 -1 -1 -1 +1  -84.0       1
5  +1 +1 -1 +1 +1 +1 -1 -1 -1 -1 -1 +1  -84.0       1
6  -1 -1 +1 -1 -1 -1 +1 +1 +1 +1 +1 -1  -84.0       1
7  -1 -1 +1 -1 -1 -1 -1 +1 +1 +1 +1 -1  -84.0       1
8  -1 -1 -1 +1 -1 -1 +1 +1 +1 +1 +1 -1  -82.0       1
9  +1 +1 +1 -1 +1 +1 -1 -1 -1 -1 -1 +1  -82.0       1
10 -1 +1 -1 +1 +1 +1 +1 -1 -1 -1 -1 +1  -80.0       1
11 +1 -1 +1 -1 -1 -1 -1 +1 +1 +1 +1 -1  -80.0       1
12 -1 -1 +1 +1 -1 -1 +1 +1 +1 +1 -1 -1  -76.0       1
13 +1 +1 -1 +1 -1 +1 +1 -1 -1 -1 -1 +1  -76.0       1
14 +1 +1 -1 -1 +1 +1 -1 -1 -1 -1 +1 +1  -76.0       1
['SPIN', 15 rows, 15 samples, 12 variables]
